% -------------------------------------------------------------------
%  Generated by MATLAB on 31-May-2022 16:55:12
%  MATLAB version: 9.12.0.1884302 (R2022a)
% -------------------------------------------------------------------
                                                   

X = [-40; -39.92; -39.84; -39.760000000000005; -39.680000000000007; -39.600000000000009; ...
     -39.52000000000001; -39.440000000000012; -39.360000000000014; -39.280000000000015; ...
     -39.200000000000017; -39.120000000000019; -39.04000000000002; -38.960000000000022; ...
     -38.880000000000024; -38.800000000000026; -38.720000000000027; -38.640000000000029; ...
     -38.560000000000031; -38.480000000000032; -38.400000000000034; -38.320000000000036; ...
     -38.240000000000038; -38.160000000000039; -38.080000000000041; -38.000000000000043; ...
     -37.920000000000044; -37.840000000000046; -37.760000000000048; -37.680000000000049; ...
     -37.600000000000051; -37.520000000000053; -37.440000000000055; -37.360000000000056; ...
     -37.280000000000058; -37.20000000000006; -37.120000000000061; -37.040000000000063; ...
     -36.960000000000065; -36.880000000000067; -36.800000000000068; -36.72000000000007; ...
     -36.640000000000072; -36.560000000000073; -36.480000000000075; -36.400000000000077; ...
     -36.320000000000078; -36.24000000000008; -36.160000000000082; -36.080000000000084; ...
     -36.000000000000085; -35.920000000000087; -35.840000000000089; -35.76000000000009; ...
     -35.680000000000092; -35.600000000000094; -35.520000000000095; -35.4400000000001; ...
     -35.3600000000001; -35.2800000000001; -35.2000000000001; -35.120000000000104; ...
     -35.040000000000106; -34.960000000000107; -34.880000000000109; -34.800000000000111; ...
     -34.720000000000113; -34.640000000000114; -34.560000000000116; -34.480000000000118; ...
     -34.400000000000119; -34.320000000000121; -34.240000000000123; -34.160000000000124; ...
     -34.080000000000126; -34.000000000000128; -33.92000000000013; -33.840000000000131; ...
     -33.760000000000133; -33.680000000000135; -33.600000000000136; -33.520000000000138; ...
     -33.44000000000014; -33.360000000000142; -33.280000000000143; -33.200000000000145; ...
     -33.120000000000147; -33.040000000000148; -32.96000000000015; -32.880000000000152; ...
     -32.800000000000153; -32.720000000000155; -32.640000000000157; -32.560000000000159; ...
     -32.48000000000016; -32.400000000000162; -32.320000000000164; -32.240000000000165; ...
     -32.160000000000167; -32.080000000000169; -32.000000000000171; -31.920000000000172; ...
     -31.840000000000174; -31.760000000000176; -31.680000000000177; -31.600000000000179; ...
     -31.520000000000181; -31.440000000000182; -31.360000000000184; -31.280000000000186; ...
     -31.200000000000188; -31.120000000000189; -31.040000000000191; -30.960000000000193; ...
     -30.880000000000194; -30.800000000000196; -30.720000000000198; -30.6400000000002; ...
     -30.5600000000002; -30.480000000000203; -30.400000000000205; -30.320000000000206; ...
     -30.240000000000208; -30.16000000000021; -30.080000000000211; -30.000000000000213; ...
     -29.920000000000215; -29.840000000000217; -29.760000000000218; -29.68000000000022; ...
     -29.600000000000222; -29.520000000000223; -29.440000000000225; -29.360000000000227; ...
     -29.280000000000229; -29.20000000000023; -29.120000000000232; -29.040000000000234; ...
     -28.960000000000235; -28.880000000000237; -28.800000000000239; -28.72000000000024; ...
     -28.640000000000242; -28.560000000000244; -28.480000000000246; -28.400000000000247; ...
     -28.320000000000249; -28.240000000000251; -28.160000000000252; -28.080000000000254; ...
     -28.000000000000256; -27.920000000000258; -27.840000000000259; -27.760000000000261; ...
     -27.680000000000263; -27.600000000000264; -27.520000000000266; -27.440000000000268; ...
     -27.360000000000269; -27.280000000000271; -27.200000000000273; -27.120000000000275; ...
     -27.040000000000276; -26.960000000000278; -26.88000000000028; -26.800000000000281; ...
     -26.720000000000283; -26.640000000000285; -26.560000000000286; -26.480000000000288; ...
     -26.40000000000029; -26.320000000000292; -26.240000000000293; -26.160000000000295; ...
     -26.080000000000297; -26.0000000000003; -25.9200000000003; -25.840000000000302; ...
     -25.760000000000304; -25.680000000000305; -25.600000000000307; -25.520000000000309; ...
     -25.44000000000031; -25.360000000000312; -25.280000000000314; -25.200000000000315; ...
     -25.120000000000317; -25.040000000000319; -24.960000000000321; -24.880000000000322; ...
     -24.800000000000324; -24.720000000000326; -24.640000000000327; -24.560000000000329; ...
     -24.480000000000331; -24.400000000000333; -24.320000000000334; -24.240000000000336; ...
     -24.160000000000338; -24.080000000000339; -24.000000000000341; -23.920000000000343; ...
     -23.840000000000344; -23.760000000000346; -23.680000000000348; -23.60000000000035; ...
     -23.520000000000351; -23.440000000000353; -23.360000000000355; -23.280000000000356; ...
     -23.200000000000358; -23.12000000000036; -23.040000000000362; -22.960000000000363; ...
     -22.880000000000365; -22.800000000000367; -22.720000000000368; -22.64000000000037; ...
     -22.560000000000372; -22.480000000000373; -22.400000000000375; -22.320000000000377; ...
     -22.240000000000379; -22.16000000000038; -22.080000000000382; -22.000000000000384; ...
     -21.920000000000385; -21.840000000000387; -21.760000000000389; -21.680000000000391; ...
     -21.600000000000392; -21.520000000000394; -21.440000000000396; -21.360000000000397; ...
     -21.2800000000004; -21.2000000000004; -21.120000000000402; -21.040000000000404; ...
     -20.960000000000406; -20.880000000000408; -20.800000000000409; -20.720000000000411; ...
     -20.640000000000413; -20.560000000000414; -20.480000000000416; -20.400000000000418; ...
     -20.32000000000042; -20.240000000000421; -20.160000000000423; -20.080000000000425; ...
     -20.000000000000426; -19.920000000000428; -19.84000000000043; -19.760000000000431; ...
     -19.680000000000433; -19.600000000000435; -19.520000000000437; -19.440000000000438; ...
     -19.36000000000044; -19.280000000000442; -19.200000000000443; -19.120000000000445; ...
     -19.040000000000447; -18.960000000000448; -18.88000000000045; -18.800000000000452; ...
     -18.720000000000454; -18.640000000000455; -18.560000000000457; -18.480000000000459; ...
     -18.40000000000046; -18.320000000000462; -18.240000000000464; -18.160000000000466; ...
     -18.080000000000467; -18.000000000000469; -17.920000000000471; -17.840000000000472; ...
     -17.760000000000474; -17.680000000000476; -17.600000000000477; -17.520000000000479; ...
     -17.440000000000481; -17.360000000000483; -17.280000000000484; -17.200000000000486; ...
     -17.120000000000488; -17.040000000000489; -16.960000000000491; -16.880000000000493; ...
     -16.800000000000495; -16.720000000000496; -16.640000000000498; -16.5600000000005; ...
     -16.4800000000005; -16.400000000000503; -16.320000000000505; -16.240000000000506; ...
     -16.160000000000508; -16.08000000000051; -16.000000000000512; -15.920000000000512; ...
     -15.840000000000511; -15.760000000000511; -15.680000000000511; -15.600000000000511; ...
     -15.520000000000511; -15.440000000000511; -15.360000000000511; -15.280000000000511; ...
     -15.200000000000511; -15.120000000000511; -15.040000000000511; -14.960000000000511; ...
     -14.880000000000511; -14.800000000000511; -14.72000000000051; -14.64000000000051; ...
     -14.56000000000051; -14.48000000000051; -14.40000000000051; -14.32000000000051; ...
     -14.24000000000051; -14.16000000000051; -14.08000000000051; -14.00000000000051; ...
     -13.92000000000051; -13.84000000000051; -13.76000000000051; -13.68000000000051; ...
     -13.600000000000509; -13.520000000000509; -13.440000000000509; -13.360000000000509; ...
